g = [
    1 0 0 1, 0 0 0 1, 0 0 0 1;
    0 1 0 1, 0 0 0 0, 0 0 0 1;
    0 0 1 1, 0 0 0 1, 0 0 0 0;
];

h_row = [[1,1,0,0], [1,0,1,0], [1,1,1,1]];


g = [ 
    1 0 0 0 0 0 0 1, 0 0 0 0 0 0 0 1, 0 0 0 0 0 0 0 1, 0 0 0 0 0 0 0 1;
    0 1 0 0 0 0 0 1, 0 0 0 0 0 0 0 1, 0 0 0 0 0 0 0 1, 0 0 0 0 0 0 0 0;
    0 0 1 0 0 0 0 1, 0 0 0 0 0 0 0 1, 0 0 0 0 0 0 0 0, 0 0 0 0 0 0 0 1;
    0 0 0 1 0 0 0 1, 0 0 0 0 0 0 0 1, 0 0 0 0 0 0 0 0, 0 0 0 0 0 0 0 0;
    0 0 0 0 1 0 0 1, 0 0 0 0 0 0 0 0, 0 0 0 0 0 0 0 1, 0 0 0 0 0 0 0 1;
    0 0 0 0 0 1 0 1, 0 0 0 0 0 0 0 0, 0 0 0 0 0 0 0 1, 0 0 0 0 0 0 0 0;
    0 0 0 0 0 0 1 1, 0 0 0 0 0 0 0 0, 0 0 0 0 0 0 0 0, 0 0 0 0 0 0 0 1;
];


h_row = [[1 0 1 0 1 0 1 0], [1 1 0 0 1 1 0 0], [1 1 1 1 0 0 0 0 ], [1 1 1 1 1 1 1 1]];



g = [
    1 0 1 0, 0 1 1 1, 0 0 0 0;
    0 1 1 0, 1 0 0 1, 1 0 0 0;
    0 0 1 1, 0 1 0 0, 1 1 0 0;
];

h = [[0 0 1 1 0], [1 1 1 1 0], [1 0 0 0 0], [1 1 0 0 0], [1 0 0 1 0 ], [1 1 1 1 1]];